605,[3864 3411 9811  256 5113 5773 8248 4453 6962 2489 7674 6919 1978 2410
 5781 6939 7690  820 2518 7042    3 2574 5856 2729 1460  317 7699 2001
 9155 4249 3510  990 4879 3829 3284 5111 3553 4211 7530 2813 6677 2548
 3534  690 1187  498 1151 1061 4610 5173 7419 5921 2232  122 5156 8138
 2414  741  164  589 2583 9621 7360 7543 6027 9877 3691 9667 4313 2295
 5225   42 6700 9788 1210 6490 4918 4246 3547 5991 6748 1172 7532 9520
 1963 2242 1867 5472 1627 6364 4401 2850 8465 4361  370 3376 3942 2360
 8815 5783 6182 3775 2733 1549 8360 4690 2527 3603 5182 2733 3368 7348
 3381 5318 6088 9513 9932  525 7747 2243  394 6646 7159 8623 8237 5192
 1104 3399 7349 2128 5019 1087  204  664 1307 3213 1589 2442 6924 1446
 7755 1023 3660 1907 5253 3564 3081 5358 8051 1886 8302 4864 4796 1024
 4888  102 9602 6433 8016 5034 1439 6318 1021 6584 8670  241 8532 1471
 7487 5137 7470 2675 7880 7219 3033 5576 5570 8936 9285 4940 3084 6675
 6426 4509 7216 7031 7554 3519 4988 1077 8875 4453 1760 2268 1539  775
 3165  474 5652 1195 8214 2921 1412 6666 1221 9471 7073 8595 6096 2682
 3842 8072 4180 9948 3343 5439 6511 9007 5840 9017 8638 7087  994 8671
 8877 7957 8201 8613 2457 2423 4972 7165 1220 7658  915 8398 4883 7978
 1602 2625 2128 4750  259  248 6205 2264 9840 6615  820 1886 1008 4973
 8346  284 1057 5072 1639 5816  477 6195 3474 9340 1266 3410  506 4194
 4038 3014 4029 1640 8900  722 5370 8571 4860 8762 5087 8674 5907 1239
 1128 8896 2334 3384  865 4306 7432 4669 2957 7662 5369  941 6012 5352
 2719 1569  857 8107 6458 2089  740 6616 8578 4714 3626 8715 8375 9851
 5849 3976 8510 5765 1062 3978 6748 5516 1161  747  833 2872    9 8249
 4882 2931 4477 5046 9205 7629 7841 7697 1149 9888 1369 7381 5077 3090
 5039 9421 2107 1172 6315 7294 1596 3775  795 5226 3029 1735 8320 4981
 8571 3060 6885  301 9177 9023 2763 6348 4763  298 3539 7121 4164 7448
 3654 9964 3262 4769 3968 8959 5512 9681 3048 2224 5689 7293 3377  104
 2402 1975 1927 7587 2251 3496 2354 4114 8928 7506 6844 9779 3018   53
 7252 9491 8528 3619 3480 6593  556 1021 1135 5320 7127 1298  364 4155
 1613 6979 7688 7740 6289 8839  971 6136 2102 9303 1713  629 6020 2800
 6147 6731 9990 2097 7518 7259 9036 5130 7865 2100 6290 2556 3945 3984
 3915 6964 9988 3857  474 6658 2277 4949 7810 9812 1581 5858 3444 2426
 6203 1324 5376 3077 4846 2822 6523 9252 5252 1100 7356 6931 6708  474
 3036 5332 9964 7819 5832 3932 2258 4702 6314 1681 5908 6172 9885  187
 8695 7706 2697 1085 3360 3863  580 1999 5708 2879 4403 7512 1797 1244
  794 2622 2436 7064 5041   64 4596 1247 1340 4089  556 2737 9507 4328
 1843 8720 4057 8485 2209 9603 1515 8161 9477 5542 3190 9069 6686 2236
 2405 8466 2840 8990 3909 8890 6344 3274 3889 5624 7173 1570 4105 4003
 2282 9562 1079 9982 3833 8449 4321 7380 7936  854  895 8358   83 2645
 9687  934 7624 9177 2050 9307 5109 3836 3417 2130 5959 6257 3122 3852
 4625 9335  353 9942  889 1468 4203 1960  768 1134 4429 9037 8900 2273
 5151 3655 8783 8271 1769 5899 8811 7304 1587 7767 3119 2349 7048 3527
 6893 7627 1986 5025 1604 6876 3143 2845 6883 6576 9553 8907 3512 4322
 3394 6792 2833]

549,[6335  324  202 2433 2985 8449 3077 2138 2295 6056 2031 8578 4171 6796
 7159 1246 7483 8694 2520 8806 7880 1543  457 2918  670 2493 1422 7682
  582  747 6296 2950 2437 4019 9908 7805 5499 3679 3492 4904 6833  723
 1336 9058 2418 2943 7776 4954  282 1050 7916 8962 9192 9167 9757 2674
  684 5248 8293 8339 4650 5650 3700  447 8048 3728 6035 7138 2892 4489
 3286 6255 2395 3348 2520 2474 2049 9398 7059 5043 4085 5271 9935 4305
 9910  859 9583 2802 7465 3580 1659 9485 4110  148 8415  714 6268 5641
 4749 6628 9355 7991  835 3658 8687 1146 9703 6820 7293 2006 3627 3264
 1794 5155 4371 6773 6599 8752 4132 9968 7524  203 5088 3090 3251 2765
 7888 1272 2479 6442 5540 5922  428 8960 6531 8244 9652 5064 4565 2939
 7816 5523 2543 6041  271 7072 1720 3313 2308 9406 7635 3463 8082 4720
 2420 8266 1647 6143  910 5611 7216  731  142  928 7988 6473 3386 5862
   18 7287  639 4294 7661 6263 7901 7722 2078 7456 7120 1164  146 2683
  285 4334 3397 8557  739 5998 3612 6132 3068 3441 8444  651 5834 6962
 3715   71 7945 9668 9072 5558 4874 9278 6654 8596 6309 4456 8397 9139
  569 1959 1085 1221 2176 1348 6062 1278 5404 3710 1203 3019 9846 7154
 2618 5912  451 9371 5512  918 4872 5030 7391 2047 3516 7593  353 8586
 4641 1504 2009   50 1784 3054 8985 8223 8898 7846  807 1266 4799 2957
 9700 9674  706 4821 6891 7516 3814 4038 5330 4932 4968  556 6811 6930
 1787 7437 7112 5168 9795 8277 5163 9709 9973 3524 1836  999 5532  847
 4029  224 2898 5658 8149 8631 6603 5534 9025 9931 1981 4032 4286 5006
 2071 1822 7427 7470 3289 9146 1200 4626  202 6653 5451 6439 7113 9661
 9135 7102 1276 3684 5983 9071 5062 3196 1617 5306 9574 1665 2995 2970
  595 6722  982 5100 3692 7910 9490 6474  551 2431 8707 4083 2590 9504
 2341 8617 3562  282 3186 1228 4598 2198 5423 9726 6368 9732 5991 7998
 5451 6747 9514 7345 8534 6898 9771 7993 8611 2892 9296 3566 9945 5885
 1029 7056 4514 7866 8783 4146 5536 3764 5466 4983 3537 2214 4297 4979
 5372 2983 3158   48 8375 3486 7551 5505  891   60 1834 5210 6700 8160
 5042 4523 1019   37 2074 9523 6904  903  567 7464  523 8308 2300 3824
 6958    6 2799 9881 7373 4728 2918 3129 7636 4962 4585 3267 4100 2580
 7494 3466 5498 1454 8982 3155 2224 6755 7500  888 9343 8090 5089 6072
  806 3907 9970 9045  304 6892 3587 1837  532 7166 3564 7120 8868 8252
 8241 5764 6257 6393 8490 9970 2189  987 1693 4550 9416 5335 6883 7760
  133 4179 9050 5734 8470 2991  705 6545 3229 1731 4291 2281  202 9043
 2398 8004 8273 9769 4551 3287 9791 6387 1461 4619 4050 6343 9790 2625
 8765 7101 2420 7234 7929 9981 1355 7106 8390 1989 4891 3807 6473 4121
 1710 6354 4934 9862 7563 8833 8280 8544 9532  196 3263  563 2463 3679
 1295 7526 9218 5084 8473 5974 8834 4018 8131  498 6453 6221   87 3269
 9266  937 4133 9634 7200  570 7456 4159 4994 1775 6484  161 4502 8542
 3099 2290 9701]

895,[8763 4961 4288 8639 5732 5740 9553 8853 7859 6448 9649 4908 5157 5847
 2591 3997  707 3775 7504 2041 3066 2138 2267 9850  608 9411 2019 4495
 7526 1899 3414 6418 7352  772 7708 6000 6163 1833 8784 7497 7950 2261
 9310 6681 6004 7414 7512 7529 4741 7121 3338  345  422 5327 5610 9180
 5075 2800 3671 3612 3293  812  314  437 6206 3302 1825 2910 8232   15
 7094 1996 3992 3198 7790 3844 1968 2280 2398 7125 1554 3142 2115  102
 2010 1465 7987 3409  459 7231 8395 4808 5253 1646  231 1040 5156 8475
 6804 8230 5959 4177 8351  574 3869 7982  776 3913 9979 3300 7851 8309
 5295 6889 8250 9233 5972 5737 3009 9815 4785 9191 2192  282 2896 9207
 5739 4592  605 6654 2415 1203 6703 5714 5318  914 9161 1934   63 6587
  900 1133 2325 9634 4588 9980 3878 5586 6081 1969 7891 1887 6524 8151
 1042 6743  497 6931 5938 3870 6785 7127 3981 2047 3250 7175 6798 5368
 4561 2990 1815 9889 5713   13 9657 4166 9344 7672 5104  435 3435 9790
 2617 5714  802 1622   36 7475 7816 1219 8408 6337 6788 7176 5514  914
 6920 6030  227 6898 6803 5616 5539 6529 2262  836 3570 2556 3072  196
 9568 3963  514  177 7088 1091 6805 4382 1301 6758 1893 3826 9698 3467
 1013 9753 6779 3045 3281 8141 7516 2731  841 3831 2376 9761 7725 7115
 7740 8785 7340 8905 5440 7974 1194 4222 7752 3201 1520 3993  983 2954
 9920 2596 5584  342 2386   51 9883 5134 1228 2947 2190 4596 8945 8065
 3896  778  655 6918 3804 3266  112 6108 1017 8610 2352 4945 4846 7270
 2275 1208   53 4388 3356 4774 8949 1107 9348 6460 9039 3157 9879 4359
 8137 9403 2318 2254 3802 3371  824 8579 6302 6294 7406 6124 5428 3309
 8197 4785 9363  831 9487 9765 3739 4505 3252 4937 2039 1219 9553 2528
 7913 6838  335 6208 4522 6228 8688 5435 2312 8521  430 1207 6741 3205
 5601 7225 3874 1433 5230 7862 8440 5981 8420 5083 3632 2007 2338 8707
  689 4799 4179 8787 5565 4583 9670 9834 1875 8704 8828 6898  173 9545
 7444 8279 4238 4777 9665 5241 6917 5421 2534 7863 2294 9367 7498 8482
  490 4774 8265 7007 6007 6835 7751 6101 9230 4314 1348 1781 7347 2909
 3602  210 5909 3228 7193 5265 6476 4833  713 7604 7713 7927 3600 2805
 8090 6740 6712 3002 5853 4358 5534 1386 4796 9808 3987  286  495 5875
 4927  301 6218 3255 4928 1505 2818  543 6007 1980 1119 1499 7353 2507
 2158 9300 6223 8915 6228 3604 6278 6368  191 8226 5349 1355  383 9296
 9699 4600  489 2389 1432 5147 7694 1592 4608 9484 7886 4031  683 7950
 2903 9498 9418 7686 7450 4280 3952 9800  859  647 1657 9774 3438 8503
 7982  908 2574 2596 7488 9834 6150 1162  863 4550 1069 6001 3777    3
 6975 2678 7228 1073 6684 2742 4484 5752 1908 3617 9967 4196 8768 8213
  283 7786 4721 4269 7372 1595 1584 6677 6565 4336 7821 3804 2982 5191
 9175 7696 5773 4987 2051 2654 6030 9053 1915 4333 4068 9089 9140 8399
 5228 1314 5368 9981 3651 1871 7638 2594 7064 9236 2403 6072  524 7766
 7120 5815 4480 3087  826 2380 2485 8414 8712 4906 3628 1103 3367 8416
 9839 4949 8953 5876 8027 6730 7809 1166 9857 4097 2653 4755  297 1406
 7727 9572 2124 2580 8092 8111 7475 7163 5555 9432 9167 3916 7826 2399
 5095 9714 6952 9830 6556 3441 3106  862 9964 8329 3858 8184 1959 5328
 7087 6581 7539 8507 7762 2384   67 9514 6747 8667 1396 8656 2503 5498
 2853 1894 4335 3680 6480 9306 6800 3334 6518 7662 5264   94 4027 8468
 2668 2574 2256 4403 3563 5546  249 6410 5785 1027 1657 4245 5705 6991
 4698 6105 4385 1232  743 6872 3134 3196 9786 8663 4342 7249 5970 5303
 5461 1916 5703 3731 8579 9074 9486 4609  504 9223 2396 7761 5509 5001
 4911 3166 4727 7956 4987 4906 4216  579 4769 1228 4239  819 1603 9920
 5956 4081 6193 3648 9712 1203    9   19  529 3824 9175 7437 5137 9833
 9452 7088 5843 8674 1741 7425 4908 2166 2868 8663 7366 3885 8967 4943
 4497 3038 2491 5302 1874 7987 9919 4140 6777 2032 6564 6481 8405 7305
 6200 4435 3120 3173 1584 4007 1311 9811 2953 3287 9892  348 4229 9738
 3774 5059 1662 6226  818 9959  487 7489 9523 2530 2153 7719 6465 8152
 8569 4450 4074  321 3299 8971  780 8748 4087 7270 4243 9310 7430 7685
 3817 5006 9674 5820 8332 5655 3615 1789 9742 8596 6459 6250 9323 7951
 9711 1346 9372 9729 1489 6575 6825 3102 9120 4692 8745 2709 7894 6439
 6869 7242 6883 6388 1792 7086 9222 3385 6814 2761 5448 6461  373 2242
 6991  995 5744 2634 8867  114 1074 4384 3614 6836 9356  500 6822  358
  769 5895 5560 8455 3789 5484 6819 1079 1551 5036 1436 8404 2543  711
 3052 7863 8853 2281 7912 5895 8693 9516 1940 9743 8123 9192 2215 6615
 2704 8581  616 8660 9944 1517 9670 8351 1128  130 4179 8006  201 6740
 9702 4750 1113 5082 6990 5160 3382 5834  790 1410 8932 1959 6952  909
 6087 9243 8650 7979 1640 5989 2671 3060 4338 6400 6093 2248 1375]

948,[5850 6909 3341 9981 7562 7485 3664 1701 8580 8854  443 9453 6131 9125
 8542 8475 5324 8428 9018 9747 3135 1144 9877 2983 2756 4881 1017 7856
 1320 2522 7346  805 2283 5349 9811 1331 7626 6827  241 7335 9751 3126
 4748 4291 8341 1969 5921 9540 3862 8169 6358 7036 8043 7544 4936 3689
  210 3082 2364 3366 7218 5557 2727 5325 7133 5682 4474 6038  335  843
  380 1164 4350  854 3094 6835 8161  736 9456 9602 3785 5568 1173 4947
 8212 7857 3157  785 1021 8426 6895 9181 7258 2431 6027 1802 6521 9039
 7164 5940 8450 7126 8598 5670  793 1650 7765  340 6470 5478 1516 6363
 6545  468 6735 3906 4296 1206 4144 7783 5607 5568 3783 5046 8625 5812
 2490  138 8445 5520 8726 3756 9450 8316 1294 1711  348 6655 7301 9260
 8845 4880 7557 3895 4766 6796 1852 8347 2790  649 2090  857  861 6002
 4257 6559 2465 8441 9509 3317 1693 7836 4193 9906 5321 5751 6340 9174
 3413 3893  887 6993 6197  108 5172 1227 1941 5170 8841 6402 3585  479
 6806 1583 7814 1591  572 5359  907 4290 6876 2693 3160 5461 9981 9776
 7208 6867 6951 3843 9020 4087 5030 2126 4904 5501 2235 8525 2962 7369
 5633 9879 1147 1462 9454 6998  777 5322 3153 9072 7350 4260 8399 1380
 4677 8767 1285 7008 1379 9349 3730 9290 2883 6320 4611 7930 7875 8990
 6057 7078 9936 4907 9577 1101 4012 7772 8053 5000 9053 7567 6396 2743
 9505  316 1985 7361 6938 6409 8407 5608 8681 8163 1650 7735 4410 2544
 7369 3734 2366 9091 8222 9156 5571 9733 5364  326 3859 1784 3376  242
 9262 8751 9769 6609  300 4165  568 7267 9616 4363 9662 5069 7814 7415
 6742 8265 8028 7062 2573 9850 4569 7070 8791 4691  867 7425 3654 4453
 4829 6204 3595 4042 9767 6055 3901 5176    6 6244 2981 9490  781 2380
 5798 7835 2142  985 9170 2484 1299 4018 9016 8074 7266 7051 9780 4890
 8139 6234  908 2709 9433 4263 8721 7619 2903 6599 9599 1886  216 2756
 7075 5913 1314 4888 4677 2565 7330 1760 1703   13  613 2095 7427 9788
 1285 9634 3091 9961 2205 7187 3951 3975 1845 3158 4771 7530 1367 8063
 5603 2256  688 1265 4683 1659 1607 5653 2040 9591 1976 7617 4852 6209
 4816  558  694 7820 4756 3100 4009 3477 1808 9166 4412  745 4893 1161
 2024 8904 9177 3934 5815 3762 6879 3414 2509 2728 8871  217    7 6165
 8855 9533 8423 1174 2651 6155 8439 5904 2873 7379 6923 8563 5038 6454
 5811 2049 6401 2325 8700 8906 6592 3020 8139 8372 4765  956 3294  293
 6804 1877 8529 1119 5221 9590 6508 5556 2716 3505 3050 3420 4944 7691
 4362 7059 3301 2689 6593 8922 6879 5067 3725 8660 3189 5685 3444 8796
 8177 4896 6455 2982 4274 4339  688 6853 7656 2559 1793 2374 9326  628
 7298 5420 7005 1434 9196 3000 7360  849 2089 8095 5028 5774 5373 9818
 7689 2975 7029 9101 5129 4041 5108 8011 5149 7442  550 7017 1029 4564
 2463 6697 4686 9375 7030 5419 3334 9103  365 6397 3481 7759 5335 7081
 7437 4927 6834  277  921 9529 1045 7147 2578 3973 4672 5435 3533 7329
  211 3450 1267 4945 7976 8182 3340 8913 7667 7053 7221 1125 2342 3341
 9401 1393 7648 4148 2021 4938 7680 3869 6802 2714 1692 6616 2574 1470
 7732 4482 5043  561 9444 4022 2577 3909 3143 7600 5806 2449  930 5021
 7552 3192 9797 5141  221 9153 9989 1350 1685 1271   72 3635 4350 4120
 4807 2417 5730 8806 2416 3929 7312 1930 4581 1063 7273 4188 9972 2946
 1416 3952 7852 2803 6461 1394 8742 9042  709 8731  899 2482 9921 9420
 3829 7026 3963   80 2728 6728 7361 1685 8705 2941 3179 5310 2880 3996
 4673 7843 3185 4145 4768 7216 9196 3151 7551 9735 3052 7144 1617  659
  763 4933 6786 7939 7493 5877 2285 6653 2838 4838 8891 5298 5835  745
 2968 3755 7518  877 2132  324 8173 7827 2016 6081 6854 3715 3171  499
 4158 1653 5533 7374 9280 3420 5445 3291 2436 9396 5343 5330 9680 1786
 1810 4193 7224 3344 5467 1134 6829 8842 6143 9081 7115 7218 4028 2534
 1919  275  133 2220 3657 4663 7928 5176 6851 6251 3783 7264 6821 2030
 1243 8874 2648 8612  534 4215 9001 2693 1111 6193 4423 7099  822 6805
 7679 2876 4096 4693 9398   25 9391 3965 6325 1668 6571 9710 8600 1933
  829 4601 6473 8920  451 2231 4236 3605 1269 7627  987 7896 6620 2511
 9230 9236 1003 3389 5660 1305 9231 7061 8331 6846 4895   93 9317 4458
 3285 3268 9063 1082 6395 9703 3829 6440 3061 3762 8822 7654 8774 3319
 7908 4715 1257 1079 2774 5608 5429 6974  677 4902 5145 8672 4303 1956
  791  753 7602  893 8985 7032 5044 3950  644 2082 1956 9768 5344 5359
 8364 6945 5378 9860 6620 3209 7771 2527 5031 5202 4381 6076 6393 5272
 6216 4225 9787 9172 8444 7509 7206 2705 7650 9379 6578 8889 7324 1121
 9736 6755 8887 4687 5839 5183  950 8906 6876 8708 3653 9820 9562 2106
  806 3360 1839 4586 1687 6943 5727  524 2085 5398 8974 2358  830 1364
 1290 3153 8886 1769 7380 7925 1303 8109 1168 3832 6857 4190 5061 8009
 5637 6215 2802 5696 4133 4410 3538 4276 7780 4001 5209 8678 8805 6827
 5703 4493 4543 6185  722  275 3967 9944   26 3276 1785 2294 8286 6528
 3200 9925 8497 9035 3564 3902 8473 4460 5944 8721 2935  421  576 8143
 4430 6927 3539  938  953 2718 2330 7567 5259  364]

518,[1236   82 6654 1050 1660 7688 2647  122 8817  123  251 9524 3048 4216
 4476 3516 4632 5665 6377 9299 6461 4707 4598 2765 2686 8864    8 2466
 7566 8070 4941 3819 1475 4312 6330 9423 8840 5852   17 9716  850 9191
 2549 8590 4363 3185 3894 6143 4356 9839 3351 8937 7985 2690  680  558
 3795 1282 5040 3704 7595 6595 4213 1481 5943 5025 5841 4434 1972 7325
 9707 1730 5585 2910 3224 7520 9184  178 3468 5875 6869  920 4031 2860
 1976 2003 4571 2639 3287 3478 1747 1058 5233 9683 5328 8994 4396 3494
 4518 2665 6800  792 8304 4394 7478 5446 1422 3872 9656 9784 6824 1665
 5548 7123 7773 3015 6617 6289 9319 7599 4402 8410 6694 8669 1622 9222
 7564 8355 5484 9762 3593 8923  899 4497 3955 2722 8646 8733 1628 3219
 4088 8634 2967 6720 2802 4023 6791 3859 4519 9206 7171 1071 2198    7
 4266 9767 6949 7206 4170 9281 5339 1055  944 8049 1571 7564  721 1010
 8770 5512  512  284  581 3204 4143 4253 9385 3848 8106 2626 2723 5917
 4186 3092 6660 9496 4607 1781 3415 3948 3898 8226 1303 8206 4901 2401
 1873  812  126 7760 3576 5888 9677 8256 8141 3215  597 1817 8924   23
 2468 2530 2566 1529 8108 9067 5406 1371 2368 7282 2318 6149 7962 2578
 7810 7199 8309 8608 4073 9525 9859 6417 2343 2433 8149 3958 1669 1870
 7083 3300 9327 1507    2 1757 1007 2419 8203 8199  596 9550  146 6237
 2183 1434 4977 5687 1383 3351 4084 4850  396   85   48 9519 5085 9147
 4018 8205 4403 2179  475 4304 3749 8976 6593 9099 9429 1959 9689 3917
 4517  405  649 4213 6828 5504 3693 2040 6758 1692 7239 5729 9742 1786
 3925 3884 8662 5214 8406 9133 7837 5077 8527 7138 6679 2663 2500 2209
 6415 6847 5611 2296 4653 9566 6867 3476 5428 1280 6692 9120 2148 5112
 1277 9931  459 9189 7020  601 1472 5839 1923 4034 8203 5560 9961 6329
 5818 1724   50 6025 1394 8032 6515 2418 3929 4714 7921 3664  874  259
 1847 3046 6550 2688 3949 4552 3573   39   44 5858 7539 7610 5034 7313
 9309 4470 2402 7435 2090 3252 1677 9488 4128 1772 3038  788 8968 5110
  905 3502 3839 2048 3967 4310 5128  755 1347 6947  493 1708 2072 6285
 8044 6560 7595 4764 1224 8812 9728 7421 4335 7847 8991 3784 9430 5533
 1226 2227 9873 3665 5971 6320 1073 1429 8292 7357 3786 9023 6950 2736
 2913 4936 9235 9938 6799 4483 8661 9934 3750 4745 9823 1777 7021 6964
 3971 2756  568 5912 5667  376 4617 3946 7042 5739 1201 2589  272 1231
 6192 9599 4770 3040 9049 7926 6387 5863 8617 1165  554  340 3522 5987
 2710 7638 7406 6236 5932 3699 8398 7958 2645 2092 1845  725 6576 3253
 4751 8753 3885 9539 7327 5847  459 5199 5086 2277 9464  624 2453 6955
  720 1334 4835 5637 3440  199 2847 1561 5728 7434 3528  896 6137 2687
 4612 6853 7500 3160 2326 1779 5211 7268 4539  632 5168 4057 9997 9287]

724,[  68   49 3516  797 1955 1077 3211 3143 7250 6064 5416 4615 2167 6044
 7811 6082 3472  245 2369 6214  848 9650  789 7983  958 3100 5110 7536
 7971 5560 4102 3219 4034 2114 5354 7314 6288 4841 8952 4518 2295  396
 9053 5785 8686  637 4598 4762  720 5032 7291 3239 6505 5653 2818  408
 6444 1060  220 2233 1124  373 1007 1677  124 5671 4719 5873 3059 7588
 7927 4346 9515 1102 5044 6878 3620 9831  818 8631 3810 7963 9034 3291
 5288 2622 1076  935 9624 7986 9600 9507 1964 4325 8995 2463 5829 8927
 2881 4012 7145 9081 1202 9646 1510  209 9718 7696 8661 7678 8403 9786
 7559 3514   57  548 5731 1196 7221 8548 2457 5718 2522 9353 6937 5061
   28 2722 1275 8579 1056 4331 3640 8331 2415  695 9286 7973 9983 4251
 6654 4715 9468 7366 5792 9031 8981 6041  857 7069 5672 2813 6560 3724
 7980 6188 4827 6031 7485 5022 5685 8606 5657 9798 4788 2700 6531  473
   16 5715 6314 7727 5449 6985   23 7942 5689 1806 2605 9307 7034 5179
 2154 8165 6564 1967 2770  120 8013 6924 9634 1672 5413 5323 4737 8549
 5356 1174 5733  575 5125 2223 8392 7672 1333 9399 6467 2551 3132 9127
  752  820 9694 3479 4837 9616 4229 4745 8799 5939  342 6354 7412 3406
  175 4745 6514 5037 6920 6642 4416 1798 2252  415 1761 7101 3208 8314
 6464 2343 5585 7174 8575 4493 6270 2845 5741 1161 2719 6586  957 1967
 9164 8325 1935 6569  666 2201 9909 2743 4192 3275   26 6968 3621 7791
 7046  958 8059 2456 5793 6421 7863 1111 9960 1240 3354 2354 7536 9550
 7408    9 9893 9354 4047 8309 3955  480   54 4325 9958 4488 9152  494
 8927 7989  543 1688 3762 3431 3371 4491 1027 7557 8494 7584 9339 8534
 1104 7217 9184 8920 9860 3297 6268 9664 5869 7575 7109 7897 9329  735
 5620 8106 6118 6192 9160 9741 9254 3075 9182 1489 2863  194 6956 4750
 9939 6496 3160  985 4303 8351 1754 1660 2312 2959 9380  921 4957 5139
 5445  798 2003 8474 4991 1467  483 6033 9287 2262 3881 1765 2388 7508
 8072  559 7041 4531 5351 1484 6157 3413 9192 6702 4534 6456 4392 2927
 5747 2487 5322 8250 2068 9423 4070  946 7818 1999 3310 4790 2577 9289
 7517 1647 8465 8228 9272 4761 5966 9871 3777 6007 6339 5127 1857 4868
 5571 6501   25   57 4986 1895 8795 2610 3667 2983 3659 9740 2480 6242
 9922 9753 9046 7210 3314 5225 5101 3114 9786 9593 9628 6958 7403 8904
 7831 5719 3498 2461 6433 7915 9593 8467 7439 5072  947 3448 6115 1742
 9479 7079 7174  104 3941 7156 4988 5029 3478 5254 3255 9054 5251 4384
 7059 3965 3260 2860 5665 1324 5795 8155 1067 8442 6084 4041  262 5214
 9819 6918 5729 5876  504  464 6384 7140 9646 2114 2845 9249 7611 9470
   54 6748 5225 1680 3871 8309 8001 8867 5674 6916 7950 9252 3942 6076
 8246 3711 6018  903 8525 1192 5375 1150 9809 3321 3992 8745 8876 8506
  299 2024  309 6448 2399  978 4907 5166 8387 4061 9795 2677 6494 5703
 9814 5912 4688 9179  375  228 3579 4092 3217 9585 5352 2758 1765 5268
 8097 7683 1302 2472 2542 4092 2733 4743  467 7669  962 2438  788 5397
 9340 2339 9855 5350 5439 7413 3476 4009 5768 1246 4282 4549 1059 8683
 4585 1010 4492 3032 6729  923 3522 7181 6609 3379 9861 1635 6527 9427
 4017 6780 9610 1240 7190 7488 9204 9284 7355 4807 7406 2071 5983 3760
 1607  669 4790   68 6072 8398 2156 3237 6637  249 5497 7654 6891  285
 4396 5690 6894 5201  837 4807 1244 6313 8951 6592 2704 8688 3952 5823
 1790 9158 5240 6516 2700 6723 3105 4298  312 4830  662  229 6991 4886
 2739 1728 3482 9898 9330 2648 7693 4750 9858  364 5275 6708 2174 9318
 4239 5557 7639 6596 7997  167 3347 1770  685 8088 7137 1009 2622 4507
 5936 2856 8531 9414 6554 1531 8139 4075 8977 2418 9076 9139 8754 5261
 4937 6621 1061 2106 8864 9215 4494 5828 1435 5013 2718 8051 4162 8965
 8116 8955  569 3275 6007 2408 3421 7278 4555 2592 6017 8264 6102 9968
 6316 6811 8421 8939  893 2623 3596 9283 6952 1997]
